1 0 0
0 0 0
1 0 1
0 0 2
1 1 3
0 1 4
1 1 5
1 2 0
1 2 6
0 3 0
0 3 7
0 4 8
0 5 9
1 4 2
0 4 10
1 5 11
1 6 12
0 6 12
1 6 12
0 6 12
1 6 12
0 6 12
1 6 12
0 6 12
1 6 12
0 6 12
1 6 12
0 6 12
1 6 12
0 6 12
1 6 12
0 6 12
1 6 12
0 6 12
1 6 12
0 6 12
1 6 12
0 6 12
1 6 12
0 6 12
1 6 12
0 6 12
1 6 12
0 6 12
1 6 12
0 6 12
1 6 12
0 6 12
1 6 13
0 6 13
1 6 13
0 6 13
1 6 13
0 6 13
1 6 13
0 6 13
1 6 13
0 6 13
1 6 13
0 6 13
1 6 13
0 6 13
1 6 13
0 6 13
1 6 13
0 6 13
1 6 13
0 6 13
1 6 13
0 6 13
1 6 13
0 6 13
1 6 13
0 6 13
1 6 13
0 6 13
1 6 13
0 6 13
1 6 13
0 6 13
0 6 14
1 6 15
0 6 15
1 6 15
0 6 15
1 6 15
0 6 15
1 7 12
0 7 12
1 7 14
0 7 14
1 7 14
0 7 14
1 7 14
0 7 14
1 7 14
0 7 14
1 7 14
0 7 14
1 7 14
0 7 14