0 4 -1
4 4 -1
6 4 0
6 4 0
7 11 0
7 11 0
1 0 -1
8 11 -1
6 4 0
7 11 0
2 5 0
2 6 0
2 6 1
2 6 2
2 6 3
2 6 4
2 6 5
7 12 0
7 12 1
7 12 2
7 12 3
7 12 4
7 12 5
7 12 6
7 12 7
6 13 0
1 0 -1
3 13 -1
5 3 -1
6 10 -1
9 3 -1
8 11 -1
0 2 -1
0 2 -1
10 14 0
10 0 -1
9 5 0
9 5 1
9 5 2
9 5 3
9 5 4
9 5 5
9 5 6
9 5 7
9 5 8
9 5 9
9 5 10
9 5 11
9 5 12
9 5 13
9 5 14
9 5 15
9 5 16
9 5 17
9 5 18
9 5 19
9 5 20
9 5 21
9 5 22
9 5 23
9 5 24
9 5 25
9 5 26
9 5 27
9 5 28
9 5 29
9 5 30
9 5 31
9 5 32
9 5 33
9 5 34
9 5 35
9 5 36
9 5 37
9 5 38
9 5 39
9 5 40
9 5 41
9 5 42
9 5 43
9 5 44
9 5 45
9 5 46
9 5 47
9 5 48
9 5 49
9 5 50
9 5 51
9 5 52
9 5 53
9 5 54
9 5 55
9 5 56
9 5 57
9 5 58
9 5 59
9 5 60
9 5 61
9 5 62
9 5 63
9 5 64
9 5 65
9 5 66
9 5 67
9 5 68
9 5 69
9 5 70
9 5 71
9 5 72
9 5 73
9 5 74
9 5 75
9 5 76
9 5 77
9 5 78
9 5 79
9 5 80
9 5 81
9 5 82
9 5 83
9 5 84
9 5 85
9 5 86
9 5 87
9 5 88
9 5 89
9 5 0