0 0 28
0 0 28
0 0 60
0 1 28
0 1 60
0 2 -1
1 3 2
1 3 31
1 4 -1
1 5 -1
2 0 -1
2 6 0
2 6 1
2 6 2
2 6 3
2 6 4
2 6 5
3 0 3
3 7 0
4 2 -1
4 8 -1
4 10 0
5 9 -1
5 11 35
7 12 -1
7 12 -1
7 14 0
7 14 0
7 14 0
7 14 0
7 14 0
7 14 0
7 14 0
7 14 0
7 14 0
7 14 0
7 14 0
7 14 0
6 12 1999999
6 12 1999999
6 12 1999999
6 12 1999999
6 12 1999999
6 12 1999999
6 12 1999999
6 12 1999999
6 12 1999999
6 12 1999999
6 12 1999999
6 12 1999999
6 12 1999999
6 12 1999999
6 12 1999999
6 12 1999999
6 12 1999999
6 12 1999999
6 12 1999999
6 12 1999999
6 12 1999999
6 12 1999999
6 12 1999999
6 12 1999999
6 12 1999999
6 12 1999999
6 12 1999999
6 12 1999999
6 12 1999999
6 12 1999999
6 12 1999999
6 12 1999999
6 13 0
6 13 0
6 13 0
6 13 0
6 13 0
6 13 0
6 13 0
6 13 0
6 13 0
6 13 0
6 13 0
6 13 0
6 13 0
6 13 0
6 13 0
6 13 0
6 13 0
6 13 0
6 13 0
6 13 0
6 13 0
6 13 0
6 13 0
6 13 0
6 13 0
6 13 0
6 13 0
6 13 0
6 13 0
6 13 0
6 13 0
6 13 0
6 14 0
6 15 1999998
6 15 1999998
6 15 1999998
6 15 1999998
6 15 1999998
6 15 1999998